82375.71
38304.58
84204.44
20257.50
29372.55
75720.80
84022.06
95387.27
64427.74
77777.34
39796.29
90492.78
87204.62
38682.55
22117.90
89438.37
82802.95
75137.24
28164.62
36200.30
93560.10
17592.44
65299.01
51433.89
97059.60
92989.48
59545.09
64421.86
91682.68
23523.40
57621.45
63444.67
37709.95
40782.30
65282.39
10087.29
77307.16
38738.75
14476.87
30213.16
89736.57
67534.52
91022.96
40768.25
19346.49
24679.31
57540.27
77436.23
38475.91
28825.79
81820.94
16301.55
87628.62
96553.55
91805.93
94124.16
88175.61
96321.42
83029.30
57293.12
41260.85
92984.94
33139.63
73378.07
96518.68
37585.31
79553.01
70877.82
63509.93
79325.19
13201.23
31379.44
80070.63
10941.22
25095.16
93058.16
74834.63
11798.83
84841.87
82319.81
83507.63
16117.04
77796.93
38096.03
66853.44
97714.78
87455.42
36756.04
97391.29
55531.13
39054.48
44093.94
88641.16
65605.63
44243.79
53835.56
56383.96
54804.72
56874.40
57524.60
53531.07
65698.96
43036.51
66383.59
19680.61
92396.14
21422.39
80152.46
70382.18
31222.42
66240.47
45059.97
30925.68
81945.05
99054.80
27651.15
27154.98
76782.39
50124.64
60118.66
83441.94
80095.37
62067.86
94981.79
62826.29
94966.30
80308.41
25560.91
53073.24
79668.30
86946.13
14905.97
31847.59
53006.08
22479.63
42727.44
57646.27
95673.33
67122.10
75069.82
46034.56
45577.00
35566.32
76642.13
33957.53
81004.99
42589.00
84350.95
12749.27
23447.30
40608.01
12199.67
75569.28
88965.35
13231.29
45402.03
92181.96
85720.52
29147.63
10093.00
46946.28
45030.56
59336.00
26390.29
33707.27
89810.11
62999.09
21550.24
10368.95
94475.32
88130.61
81269.85
53810.00
66061.27
43182.17
63653.48
32640.13
63741.56
92076.42
85104.65
90336.39
21237.91
64767.12
62032.21
19566.63
95982.26
37551.31
46318.06
85194.87
12117.80
96307.78
90055.20
95105.51
78601.97
24999.89
22566.86
17953.54
90938.22
73814.10
26586.72
31447.26
94466.64
32683.55
20170.80
63516.64
81271.97
88072.05
23486.08
87583.60
62082.19
49943.87
54495.41
41025.54
78905.29
88332.56
42830.61
62509.55
89479.94
43790.08
26669.51
19631.23
93832.43
62891.27
84146.63
85885.06
74935.31
25958.63
71586.61
69809.17
40572.33
39048.46
46349.82
80561.44
39144.75
52163.80
95840.08
68945.13
57629.41
46429.89
56687.86
53287.91
27752.01
25512.15
36598.18
44600.28
14165.19
20175.02
88838.80
88941.87
72994.92
58970.03
87959.53
27512.76
60257.81
47126.23
88313.21
44677.91
41363.77
88323.28
87275.52
87124.65
55904.74
10355.52
84652.96
51100.89
60633.68
54228.28
72659.67
85510.55
79889.54
37373.41
76998.20
23328.98
98747.86
86620.60
97929.39
29725.53
89034.64
77724.79
84890.63
31557.19
81763.65
73230.74
53370.68
63490.05
76385.84
84643.42
41983.77
53445.57
49169.21
42826.00
37495.00
24453.10
20896.60
94545.36
41042.78
36147.37
63317.73
13130.07
37928.70
92951.57
92041.94
70319.61
75000.98
18183.57
12899.58
94769.12
24070.60
39141.64
78613.24
46970.80
78981.15
64586.82
94675.36
56333.09
35757.79
71632.00
51267.55
78780.32
51170.67
67027.03
16112.63
35173.05
29002.07
81521.98
92109.57
35807.33
16717.37
19271.59
75951.41
78447.38
81298.75
13082.84
80912.53
55594.77
75509.69
62998.21
84790.76
87712.38
76679.15
50702.70
21443.92
91097.82
25890.42
28297.71
63637.06
96516.92
56273.91
11715.14
44198.10
47681.45
55242.36
97150.71
32801.83
59379.29
36022.60
47032.36
17288.28
65390.92
31117.14
94445.72
48819.35
32566.22
60935.24
16792.14
51616.58
68819.09
63515.06
55624.65
70938.33
48414.73
96528.59
72394.98
18530.97
23296.20
27863.27
95814.51
44616.58
84466.58
67599.29
48004.32
69691.48
47460.12
11579.28
85293.61
65247.11
30482.74
12308.21
69615.46
97083.40
39553.02
44067.01
25881.85
96908.74
90608.98
90156.81
25297.78
63517.84
12286.67
42813.17
80713.57
14364.46
85811.10
46156.74
12700.79
47422.88
43156.30
33850.88
13107.13
87593.46
68279.93
24890.98
96366.21
34774.62
35796.49
20957.03
31997.15
83263.12
68182.69
84001.45
77030.41
89204.27
37205.29
27085.16
57707.09
30119.35
76036.10
96083.42
44040.66
19014.31
22413.66
38394.48
41713.40
57114.18
70367.99
55046.71
23720.42
23932.90
58138.19
68044.29
72421.48
52886.36
35464.80
47848.78
87616.19
71295.06
34766.75
20223.63
84130.36
15591.51
28641.84
83740.53
45242.62
31383.63
43164.38
66376.45
25289.21
90662.56
85827.58
65130.46
26599.71
71641.57
13961.72
99126.31
91258.00
47497.32
48544.05
32596.28
54767.77
61304.15
40676.47
18975.21
56256.65
41566.94
46488.05
25948.17
75774.21
88435.70
25357.34
65757.52
58218.74
78462.84
61337.29
34431.17
32296.82
54725.66
91719.36
85373.71
82554.48
68848.43
57080.98
57474.18
45291.74
78545.52
71692.05
50753.71
13106.14
66812.91
98961.90
74914.68
13104.13
65868.28
21974.34
87118.07
34160.85
26886.02
66851.19
10955.35
86317.55
48170.88
76389.27
30925.20
32649.59
91945.98
43568.54
14612.81
92945.17
80867.70
71867.87
33353.17
95452.28
53725.77
60122.14
47351.86
88871.23
52680.53
82783.25
63736.85
47330.16
43234.21
11693.84
10209.76
64125.87
53051.66
36483.75
40492.71
53006.56
70072.44
82597.96
75250.66
11407.24
34076.73
15440.90
96697.37
59626.70
65565.11
58575.19
67257.90
78060.01
44547.08
35854.35
61048.86
77988.53
26106.38
39415.14
12260.47
87505.14
33206.00
47200.56
38463.20
19095.81
90251.39
36017.61
55799.22
35614.61
64732.14
34264.55
77596.75
17583.03
66142.49
45376.13
57250.47
50063.49
67924.48
28583.45
38518.37
52503.51
57413.90
50907.31
50909.74
32464.41
73615.50
79976.23
24804.04
57487.43
17371.22
33280.22
25985.01
78307.19
24923.02
59286.20
27036.69
35303.59
86002.11
73944.23
93856.75
43400.09
68370.29
43038.05
68681.38
91502.52
80924.92
69409.65
64682.04
30583.74
91536.82
39408.30
29036.70
68182.01
99857.92
46233.17
74063.02
76826.16
65265.38
23242.62
79605.47
95409.50
35636.60
77455.12
20813.44
73243.56
50144.23
60035.67
66088.27
62734.57
18059.18
95447.47
80831.19
77726.21
15490.09
81400.37
12301.17
79239.36
33277.38
52102.66
54060.91
40034.02
33465.39
96250.51
44285.62
51405.53
14913.13
21811.55
34544.80
66114.98
93587.05
91778.38
78961.52
61970.16
27742.13
74908.36
67747.34
87493.81
10751.95
45191.14
33943.34
97763.62
91639.01
27596.67
15697.18
32268.90
91537.85
36777.26
41473.61
32151.34
70151.44
78621.57
14115.02
55952.48
48382.25
38213.28
69460.84
63660.37
93991.14
67492.25
80537.03
36184.89
43877.73
21493.93
75363.76
46801.59
61954.89
39349.80
31820.66
62692.15
79226.95
49579.85
32967.57
75252.02
84961.87
84363.97
59302.08
66594.43
11438.45
95675.82
88177.59
40604.73
94851.16
78569.33
84812.46
19865.31
67350.34
46178.51
58458.20
52529.19
43057.99
29029.88
49602.55
12641.69
51357.14
86913.70
77171.41
92030.72
37535.80
46838.66
89882.49
49509.67
12366.91
82616.43
87238.57
70948.29
48963.75
82628.56
54970.86
39441.84
81065.18
35276.83
48572.66
80908.88
15652.85
49558.16
35112.05
71846.18
16275.91
40279.42
20436.67
16479.95
55084.51
69627.15
84705.52
99095.28
84905.48
27951.51
41949.08
76918.99
84188.81
28057.67
84965.94
93872.21
63324.65
74070.16
71122.27
45709.30
64451.99
87243.70
62615.89
31043.85
15385.92
34595.18
53191.74
51551.12
87796.32
18817.96
19366.01
26362.42
88111.83
70226.09
66692.22
28314.54
13845.99
13930.41
45024.17
49606.96
34855.51
28366.34
31076.54
94458.38
42212.93
42807.56
52461.60
48486.23
63882.41
57976.64
80494.61
52771.62
24306.08
10718.61
78350.62
50724.08
68791.20
29996.03
39720.51
90572.70
52116.85
94183.96
88026.58
19738.52
77214.82
43598.99
87130.45
86673.69
39224.46
84521.23
16913.57
82512.83
19818.08
11084.41
17099.40
94093.02
26513.55
43487.21
22301.21
77705.23
59813.06
11340.61
67294.23
25328.41
45052.01
99231.95
77674.10
57693.14
59625.04
91634.24
31121.11
92976.03
15619.72
45922.97
45373.38
26036.88
29569.03
96182.49
85754.63
27721.24
92365.58
97049.25
57177.06
81801.64
24003.06
99965.66
67792.27
42520.68
31420.46
70768.74
66552.89
68331.49
44470.25
72519.85
16029.46
92736.06
67156.96
12922.77
74957.02
43933.00
46355.60
41260.58
64574.79
55879.97
34828.95
40528.41
22224.43
70299.87
47505.86
18688.43
61489.81
16036.71
46313.09
59595.21
89608.93
68933.92
28407.83
17922.32
43725.61
11016.38
60215.77
34618.34
63464.79
29742.90
45379.39
86019.11
58012.52
98504.74
95194.23
93587.96
55523.61
14696.63
65486.82
29676.75
16310.72
99641.64
26854.23
86976.49
23738.80
11938.06
23266.90
44610.84
70508.21
63947.88
32772.62
40151.51
18468.21
36356.60
94657.43
91970.98
74535.71
26798.70
43842.05
29214.61
54977.85
67505.94
11176.20
68981.17
70966.99
22678.56
83771.89
72826.86
81953.01
57804.10
78763.03
59246.33
29318.56
39480.19
50102.52
60979.26
43135.79
70594.40
31724.48
51815.25
90795.58
55679.06
23794.09
32420.53
94746.44
31064.15
21036.73
50171.54
98722.58
36595.40
17412.14
28474.94
96559.42
29820.36
20691.15
85367.61
88012.26
77937.59
10081.05
38378.91
78599.83
51778.05
38135.25
11137.47
73135.39
15645.87
63524.75
39721.28
20266.44
61150.00
83666.33
39966.79
62717.33
10208.53
30430.19
73733.54
34415.72
84200.31
41249.12
27630.70
64121.50
34819.78
99385.63
32748.41
74989.98
47361.57
65188.39
22519.85
31412.49
14428.65
63529.52
28950.10
96017.50
52779.82
79392.62
87395.52
15380.73
17586.63
99876.82
16288.28
15505.05
71167.56
20333.26
68216.09
64462.72
35922.64
25141.33
54344.10
98493.41
74263.80
15613.64
52388.56
21461.72